%YAML:1.0
---
cam1_intrinsics: !!opencv-matrix
   rows: 3
   cols: 3
   dt: d
   data: [ 3.5004253078164322e+02, 0., 3.3730432116316422e+02, 0.,
       3.5101121299029677e+02, 1.8679367721577552e+02, 0., 0., 1. ]
cam1_distorsion: !!opencv-matrix
   rows: 5
   cols: 1
   dt: d
   data: [ -1.3293099014962867e-01, -4.2164087130970342e-02,
       2.1103077200828728e-04, -1.4821360580272820e-03,
       4.7369653766591496e-02 ]
cam2_intrinsics: !!opencv-matrix
   rows: 3
   cols: 3
   dt: d
   data: [ 3.5084908270288935e+02, 0., 3.2706426274787600e+02, 0.,
       3.5232177614014950e+02, 1.9039031059815636e+02, 0., 0., 1. ]
cam2_distorsion: !!opencv-matrix
   rows: 5
   cols: 1
   dt: d
   data: [ -1.2763298841781262e-01, -6.2020025144861823e-02,
       -4.7082925717956402e-04, 2.4146258152201328e-04,
       6.3773643644887162e-02 ]
R: !!opencv-matrix
   rows: 3
   cols: 3
   dt: d
   data: [ 9.9916005340458225e-01, 9.6323495141348726e-04,
       4.0966570017280352e-02, -1.3245379520165491e-03,
       9.9996046155563501e-01, 8.7932317526063022e-03,
       -4.0956480314670904e-02, -8.8401076842848092e-03,
       9.9912182401164895e-01 ]
T: !!opencv-matrix
   rows: 3
   cols: 1
   dt: d
   data: [ -1.2230603166936566e+01, 4.2082226581262344e-02,
       2.3940210111758903e-01 ]
